Instance 1
-3,-10,2
7,-8,-1
8,1,-10
-7,-5,-2
-5,-4,9
Instance 2
-2,9,10
4,10,6
-2,1,-5
-5,-6,7
-10,-3,5
Instance 3
-3,-9,-2
5,10,6
2,5,-3
-1,3,5
-9,-2,6
Instance 4
-1,7,6
9,-6,-2
-6,9,2
8,4,-3
-2,3,5
Instance 5
3,-9,-6
10,-8,-4
-1,-8,7
8,1,-7
3,-7,-2
Instance 6
-4,-10,7
-1,5,4
8,-6,3
7,6,9
7,-1,10
Instance 7
-6,8,-1
-4,7,-9
3,-10,4
6,-2,-5
3,6,-1
Instance 8
6,-8,10
9,-6,-8
-9,3,2
2,7,10
-2,-7,9
Instance 9
4,-7,-9
-4,-6,8
1,4,10
4,-2,7
-1,-9,-5
Instance 10
6,-3,-5
1,7,6
-5,3,-2
10,-8,-1
-9,-1,8
Instance 11
1,10,-7
5,9,-8
-9,5,8
-6,7,-5
-7,-2,-10
Instance 12
5,10,-8
2,-4,8
5,4,-1
8,7,10
6,2,5
Instance 13
6,-8,-4
-9,6,4
8,1,-6
5,7,-8
-6,-10,2
Instance 14
-3,-5,1
-7,-3,-10
-5,2,-1
-4,3,5
-1,6,-5
Instance 15
-10,4,8
-9,-7,-6
-8,-7,-5
-7,9,5
2,-1,-7
Instance 16
-5,7,10
9,-6,-2
-6,1,-3
-10,-8,-7
8,3,-4
Instance 17
2,-6,8
4,-8,9
-2,-3,-10
-1,5,-2
8,5,3
Instance 18
1,-6,3
-4,-10,-6
-8,9,5
5,-9,-3
7,-6,4
Instance 19
9,-4,-5
2,-7,-9
-6,1,8
-10,2,6
-8,-1,5
Instance 20
-5,-10,7
-3,5,-2
-6,-1,10
8,4,2
5,4,-2
Instance 21
3,-9,2
-8,9,-10
-2,4,-9
-4,-10,5
5,6,8
Instance 22
-8,-6,-5
-1,-9,-2
4,-8,9
3,-4,2
-7,-4,-1
Instance 23
-2,6,3
-3,-8,6
4,-1,6
8,2,-6
5,-2,1
Instance 24
5,-6,-10
-9,-1,7
9,-8,-1
7,-6,-1
-4,9,-2
Instance 25
-9,1,8
-6,-3,-7
-7,10,-4
-8,-4,5
-6,10,4
Instance 26
4,-1,-8
8,-4,3
-1,8,-3
-5,-8,-6
8,-2,-1
Instance 27
4,5,-3
2,-1,4
-1,7,10
4,2,-10
9,5,10
Instance 28
2,-3,-7
-7,4,1
10,9,-2
3,6,-2
-7,-8,6
Instance 29
-2,4,-10
-7,8,-3
6,9,1
5,6,4
2,-7,5
Instance 30
-8,-10,-1
-1,10,7
-1,10,-5
5,-6,-10
9,-3,6
Instance 31
-5,8,-2
6,-3,1
5,10,-8
9,-10,3
-5,10,8
Instance 32
5,-8,-2
-5,-3,2
4,-3,10
-7,5,2
5,-7,1
Instance 33
1,3,9
-10,-5,4
-7,8,-4
-6,-10,-9
-4,-2,5
Instance 34
-6,4,10
10,6,1
6,-9,7
-5,8,-10
-10,-6,-2
Instance 35
-4,1,3
-3,2,6
10,-2,-7
-3,-2,6
-4,-3,-9
Instance 36
-7,-10,-2
-9,3,-4
5,3,7
-6,8,-7
-4,-7,-1
Instance 37
-2,-8,-3
8,-1,-6
-8,5,-7
-5,10,-6
1,3,5
Instance 38
-10,-6,7
2,6,4
2,6,-5
-7,-1,-5
8,5,-7
Instance 39
9,4,-3
7,-6,4
6,-9,4
-8,-9,-3
-8,1,-6
Instance 40
2,-4,-5
-9,-7,5
-9,5,-6
4,-1,-3
-6,7,2
Instance 41
-1,10,-8
-8,7,-1
10,7,-1
6,5,2
-2,-5,10
Instance 42
8,1,-3
-10,-5,7
4,6,7
2,-5,8
3,6,-7
Instance 43
-4,-9,-5
-9,8,-2
-10,4,2
10,9,7
1,2,-8
Instance 44
-8,-4,-6
5,-4,3
4,-8,-10
5,8,2
7,5,1
Instance 45
4,8,-10
-7,2,-1
6,10,-2
5,-8,10
-9,3,10
Instance 46
-3,8,9
-9,8,-2
8,2,-4
-4,-10,8
-5,9,4
Instance 47
-10,8,-7
-5,2,-9
-10,-8,-3
2,5,-7
2,-9,4
Instance 48
-3,-8,4
-4,-6,-5
-1,6,2
1,7,-4
-1,9,-6
Instance 49
-4,-9,1
1,-10,-9
-6,4,-5
7,-5,4
10,-3,-6
Instance 50
-3,-5,-4
6,-4,2
4,-8,10
-7,4,9
5,-2,6
Instance 51
5,-10,-2
-9,-10,5
9,6,-10
4,-3,8
-7,4,3
Instance 52
6,4,-1
-1,2,-6
6,1,2
10,4,-8
-10,-7,-1
Instance 53
3,-4,-1
6,-1,10
6,10,3
7,8,2
3,-5,10
Instance 54
-8,-3,-9
-6,-1,2
-6,7,-4
7,1,9
6,2,10
Instance 55
2,1,-3
10,-1,-9
-8,-1,-4
-2,-4,-1
-8,5,7
Instance 56
-8,-3,-1
-6,7,-2
10,8,-6
6,-9,-10
-2,-6,5
Instance 57
8,10,2
1,2,9
-5,-4,10
-3,1,-8
-5,4,1
Instance 58
8,1,-3
5,-3,7
9,-10,3
-2,-4,6
2,-4,-10
Instance 59
7,3,-4
-4,5,7
1,-7,8
2,-1,-6
2,-1,-7
Instance 60
3,-4,-10
6,9,-4
-1,8,10
-7,-6,-1
6,-10,7
Instance 61
9,-1,8
-7,4,-3
-3,-10,8
-6,-3,10
-3,-1,6
Instance 62
-7,4,8
-4,9,6
-3,-10,4
10,-2,7
-1,2,10
Instance 63
-4,-3,1
2,-8,1
4,-6,-2
-7,5,10
3,-1,2
Instance 64
9,3,-1
1,7,-9
-10,-2,-3
4,5,-7
10,-7,-2
Instance 65
6,5,-4
-1,-10,4
-8,7,6
4,5,3
3,-10,8
Instance 66
-3,10,7
-4,6,9
-3,7,8
-4,-3,-1
-2,4,7
Instance 67
9,-6,-10
-1,6,-2
-2,-1,-8
-9,-7,8
9,3,-10
Instance 68
-10,-2,1
8,-5,6
-1,10,-7
-9,-7,-2
-10,2,4
Instance 69
-7,-10,9
-6,8,-3
-8,10,-6
9,-6,5
4,3,7
Instance 70
3,5,-8
-2,-5,-9
-3,-5,-8
-6,1,-2
-6,-9,-10
Instance 71
10,-5,-6
8,4,-1
-8,6,-5
4,1,6
-3,9,8
Instance 72
6,-8,4
-10,-9,-8
6,-5,-2
-4,1,-2
-4,7,-3
Instance 73
-1,9,6
3,-6,-9
-2,-6,-3
-2,7,9
3,-10,-2
Instance 74
2,9,7
-3,10,-8
6,-5,7
-2,8,9
-5,10,-9
Instance 75
10,-1,4
-7,-9,-3
9,-7,-2
4,1,-9
-3,5,-8
Instance 76
-5,-8,10
8,-6,-3
3,-7,-6
7,-6,10
10,-9,-1
Instance 77
7,-3,10
-2,-9,-8
2,-8,10
-5,7,-4
-6,7,5
Instance 78
-5,1,6
4,-3,10
-6,-7,-5
-1,4,-7
3,-4,-1
Instance 79
-2,-3,9
10,7,-4
-10,8,-6
-8,3,1
-8,5,10
Instance 80
-1,6,-9
-9,1,10
3,-5,8
-6,9,-4
-4,5,8
Instance 81
-3,4,-6
5,1,4
9,3,5
-5,-1,-8
9,-2,-3
Instance 82
-3,4,-2
-7,8,10
9,1,7
-8,9,2
-1,4,-6
Instance 83
-3,-2,-4
10,8,9
-5,-4,1
-7,-10,9
-8,-4,7
Instance 84
4,3,-1
10,-6,3
-8,-1,4
-3,2,5
2,5,6
Instance 85
4,5,3
-1,-8,-10
10,9,3
-6,-7,5
-3,7,9
Instance 86
-2,-8,-3
5,-2,-8
1,8,10
9,6,5
-7,-6,8
Instance 87
-7,6,-5
8,-2,1
5,9,-1
5,-8,1
1,3,6
Instance 88
1,-4,8
-6,-4,7
4,10,-2
-10,-8,-4
10,-3,-8
Instance 89
-3,5,10
-1,-2,3
7,-8,3
-1,8,10
3,9,-5
Instance 90
3,-1,-6
5,6,7
-1,3,9
-5,2,-1
-9,-3,2
Instance 91
-2,9,-5
-3,4,-2
1,6,-4
-8,3,-9
3,-2,-8
Instance 92
-5,-4,9
9,-5,-6
-4,7,-3
9,-4,-7
-8,4,-7
Instance 93
-5,-9,-10
-5,8,-3
4,-9,-8
-3,5,7
7,-3,-8
Instance 94
-9,-4,3
-10,-2,6
-8,9,-7
1,-3,10
5,7,-9
Instance 95
4,-2,-10
4,-1,8
-1,-7,-10
3,6,-7
4,-8,2
Instance 96
-6,-7,-8
-6,-7,-5
-5,-4,-10
9,-4,-1
6,-2,-9
Instance 97
-7,5,4
5,-9,-7
9,-5,-10
-7,8,6
10,-4,-2
Instance 98
-4,6,9
-8,10,-7
-8,6,-4
-5,-8,-3
6,1,-5
Instance 99
-7,10,-1
7,6,8
-6,-3,8
1,9,4
8,-5,-9
Instance 100
-6,10,9
-9,4,-2
2,10,4
6,-3,2
-1,-9,-4
